A1	A2	angle	radius
NaN	NaN	NaN	NaN
1052.7721	-209.6665	86.4356345123094	691.671478068621
1058.0054	-236.7085	85.9240572553477	664.973407092705
1090.38	-232.74039	83.7017364685961	671.311457477644
1074.5282	-244.44853	84.7073442075991	658.358361020517
1536.9695	-638.10834	30.9024376322988	509.935751717552
1513.3285	-634.5535	32.3996077396312	495.401435858485
1530.2108	-670.54114	27.9730465062506	489.192734799625
1523.2078	-655.0706	29.8774673334778	491.681189276442
1533.0261	-701.7905	24.5297351528822	477.422933558397
1024.7491	-206.81187	88.3335842037831	693.481418943432
1023.5733	-260.5677	88.2793490074229	639.720748380493
1042.876	-253.27293	86.9077909834947	647.670068124891
1085.0864	-260.79614	83.8095277212169	642.952977004408
1107.2183	-289.57352	81.8549509937259	616.646863503367
1123.6993	-284.2061	80.7040215585397	623.988708194037
1140.6768	-292.5253	79.3140039775709	618.195352902282
1158.8505	-310.75897	77.6106234983275	603.290410772837
1496.0311	-617.95844	34.9072304252046	492.864782117889
1493.0995	-636.7185	33.2350527068106	480.374912680603
1504.1969	-653.3816	30.975347876911	479.178449939729
1489.0531	-669.88934	30.003794772671	460.168532249379
1511.6583	-677.9954	28.0346123045502	472.345323830427
1508.5878	-690.99585	26.7631397123888	464.140921018921
1527.4366	-696.54584	25.3325242422901	475.503502693902
1016.3626	-221.65744	88.8739831358168	678.473578757199
1027.8379	-282.949	87.894683221607	617.467797478004
1044.7965	-275.7106	86.6537259917279	625.355631107216
1095.4764	-244.51976	83.2312728191639	660.081013417931
1075.3232	-318.28876	83.9769704609578	584.940226591846
1096.5785	-318.1973	82.2967425668796	587.100945129864
1108.532	-316.01184	81.3887937434711	590.646449409351
1096.5107	-336.31268	82.0578041698587	569.146589568497
1131.552	-334.31018	79.2700519454626	575.756569003479
1652.741	-485.7852	37.9104258677403	674.146159777778
1633.4459	-541.2954	34.7973027663291	628.562064046309
1607.862	-553.607	34.9666837191316	604.419800948945
1584.397	-523.54614	38.3281020432919	607.023205878286
1635.8419	-591.88403	30.7394974068153	602.806776927177
1590.1427	-551.983	35.8938811493358	593.596114360851
1564.1611	-573.1232	35.4150970415806	564.070913102886
1552.0392	-597.1687	33.9491617614201	542.264229864262
1529.5979	-573.95416	37.0725073851099	540.862982233825
1557.239	-626.964	31.019208640951	529.832203356708
1541.4988	-601.59534	34.0701091194028	532.66863936178
1478.3463	-607.3782	36.8970092204303	487.3955493234
1474.6449	-639.261	33.9862287811397	466.443601545708
1465.2543	-670.89294	31.1457692555495	442.961047814729
1481.2234	-662.9184	31.1576277782852	458.222291420808
1481.5269	-693.8721	27.7147871958886	443.218573169074
1485.699	-718.5319	24.6323964043716	435.389518058415
1504.0747	-714.8959	24.2590464016119	450.525327783965
1509.1423	-749.6013	19.9265092065231	441.291886498566
937.66565	-256.08414	94.5102179215233	645.916051611087
1006.2128	-275.8691	89.5352710360675	624.151431078893
1067.7162	-268.93866	85.0029298292958	633.469058627517
1085.3514	-313.01697	83.2428642938075	591.08884483156
1114.076	-349.14996	80.4217493218858	558.637858975221
1139.0236	-371.69962	77.8974206313806	540.309405378687
1126.3347	-369.548	79.0173037933272	540.34861201905
1149.6404	-383.83853	76.708588484335	530.368261236152
1615.525	-520.75305	37.094337573601	628.798894716128
1566.4309	-507.08948	40.4070451939011	606.143651618372
1636.6643	-559.9217	33.2460996777623	620.31335818597
1557.6045	-577.8551	35.3368792385921	556.975219606006
1510.9365	-561.0385	39.1510225338646	536.86951603835
1496.9276	-573.9576	38.8411639554715	519.868212294178
1477.368	-623.05597	35.4498554310457	477.497750653147
1463.242	-635.73834	34.9953217005647	460.779877665354
1451.3389	-667.93024	32.2526105174657	434.870110078118
1460.2804	-689.6355	29.2874818455697	430.024488597883
1461.7678	-702.0695	27.7459143131491	425.152829369712
1468.047	-718.8108	25.4115176408897	422.237573371842
1487.8517	-737.33185	22.2545699707105	429.518120792023
1490.6147	-759.8092	19.3244611659547	423.643009955044
880.4795	-284.02444	98.9845480492403	623.627157763955
912.3249	-288.24268	96.6608852032479	615.914702939984
957.3563	-285.26962	93.2352351446336	615.711672415355
972.2252	-256.02725	92.012807735366	644.370326038187
1144.9626	-403.58438	76.6153851102223	510.275691412576
1078.1194	-383.30142	82.9767783633354	520.604846187258
1083.9657	-370.2456	82.640853452655	534.154365664823
1092.9204	-398.6514	81.4118588961177	507.033812830609
1114.5654	-396.80576	79.4899292618607	511.780451598053
1365.4503	-571.075	47.8445481076671	443.697799398936
1340.4111	-636.6729	43.510995909627	382.468382772857
1410.0581	-620.48486	39.913720091605	435.630650108917
1426.5583	-647.16846	36.0324332713492	429.807902513175
1420.4514	-637.60046	37.4485211064992	431.543855779878
1425.4991	-667.2949	33.8683145416225	417.568526947908
1438.6898	-680.4677	31.5556664808253	419.493778833201
1443.1207	-710.34375	27.7109252164062	407.85337339344
1450.6426	-734.3705	24.278043769466	402.82969465451
1469.5354	-741.2749	22.5316432778468	414.216454380981
1477.553	-754.5032	20.500833949551	415.442802932098
1498.823	-782.2842	16.1515382889143	423.166002955113
902.54297	-311.49777	97.6850588790528	593.836002154996
926.13745	-306.43298	95.7898894500249	596.610613571591
992.0563	-425.31235	90.7812419061273	474.731780353046
959.0972	-326.02832	93.3233241756971	574.938553880253
1015.50385	-385.2668	88.5940568486463	514.888207032142
1047.5018	-380.6784	85.7374550142506	520.762061675479
1062.0444	-389.476	84.3445089902559	513.02116945383
1100.4554	-392.68283	80.8343270208106	513.87843361369
1118.58	-386.99316	79.3333623860069	522.02708134193
1306.5085	-532.1389	55.8257143473205	444.635001048643
1337.1077	-561.2295	50.9632943197584	436.142531195617
1314.598	-604.2977	49.0775144732996	391.349504012315
1365.1233	-616.35675	43.6322890630168	411.06076620262
1393.3108	-623.15625	40.8211537431171	423.502725041659
1395.6813	-648.18085	37.9909416780219	409.104890478564
1405.9564	-671.89764	34.5888028185892	401.813004719159
1439.4954	-656.0398	34.263616918929	433.320801051268
1427.1293	-687.09326	31.4551028361557	407.999978340946
1429.1826	-712.7742	28.1629659387317	396.680780572991
1457.7498	-672.5741	31.3718723430105	436.861373481587
1435.9082	-739.25903	24.3486367541602	389.875569724208
1451.1013	-757.1583	21.2362694106184	394.356465176678
1461.0704	-778.1065	17.9752909150393	394.979932102889
1468.9828	-800.26794	14.6266602475703	394.947774842107
884.07166	-303.41708	98.9975789056093	604.015359221888
931.3116	-326.47733	95.5738759030691	576.247288443185
989.385	-449.8695	91.100843699668	450.213596230745
962.51373	-337.48834	93.108221279292	563.34038985328
1101.1183	-414.64038	80.3651963908347	492.303784636255
1022.35394	-377.2707	88.0042822890337	523.046562978166
1094.0919	-379.23987	81.6246447447251	526.373867039978
1040.8732	-406.04984	86.1425863465456	495.071716692818
1058.6196	-418.289	84.3371314778931	484.073410472513
1087.7905	-425.38675	81.4286659059856	479.974045540094
1111.2855	-443.9285	78.7545735695602	464.999087130778
1096.0162	-442.05246	80.3048747782696	464.582804149866
1139.0919	-416.29193	76.8128432300126	496.808888163112
1177.1364	-463.69092	71.6948804249019	459.564216097095
1244.5002	-544.0237	60.7655114771424	407.935792582547
1323.0221	-580.5141	50.5161227594409	413.947180171457
1328.005	-594.81506	48.7889517818561	405.675736034512
1378.0236	-607.19586	43.5483125187235	424.990711138567
1366.9777	-636.7642	41.357440082726	398.386697289003
1384.484	-657.6921	37.7190183595995	396.064078621119
1394.4485	-679.719	34.424752609001	389.654833664424
1407.5449	-698.4078	31.2597782655081	388.484793900203
1411.6456	-726.80774	27.3088101070242	377.501033456458
1427.5364	-759.9307	21.9032723745704	375.479866223677
1440.9878	-770.557	19.8104234948904	381.940190422522
1431.5511	-786.1787	17.9357501929566	369.609300640526
1452.4944	-800.3383	15.1253990582586	381.944410061671
1470.8055	-834.86914	9.63544184808989	389.122914331867
864.62213	-339.68198	101.137602640582	571.073560984118
893.6571	-362.57224	99.1593406778292	544.368747664418
925.3703	-368.01306	96.5211964634118	535.451359379052
965.2166	-377.95444	93.1076707868033	522.814399741498
1039.109	-410.78662	86.2729708809664	490.250227696582
978.76056	-387.03464	91.9323592461332	513.257233321734
1005.0628	-403.9612	89.5235002403029	496.05595450687
1038.2268	-426.35483	86.2374051009459	474.668307057344
1049.1527	-427.60504	85.1537894640939	474.089808866135
1073.7025	-446.4126	82.4577646381142	457.545915599262
1091.8569	-456.33374	80.4240330984782	449.935707956092
1125.0748	-429.75516	77.7713656744274	481.162336464218
1157.909	-500.88837	72.1309717266177	419.340441296422
1226.6162	-510.08325	64.658668607621	431.431681189857
1313.5948	-590.08405	50.4938238436499	401.676540131364
1331.9688	-578.87555	49.8904834980499	419.872387079681
1337.4927	-614.2867	46.0941558513569	396.559444789206
1408.6671	-576.5485	44.1666314170794	464.230610985306
1349.9219	-651.501	41.0728827317024	378.222214190166
1372.7349	-657.4922	38.6058090007107	388.659938327498
1381.1292	-684.0349	34.814859012217	378.271280716893
1386.992	-705.48016	31.6687982751332	370.508162442048
1397.8676	-723.19	28.606841593848	369.27991053826
1410.2683	-759.90027	22.7374643641022	362.474515818141
1410.0095	-779.3436	19.8569283727107	355.213814325186
1424.3806	-804.7452	15.4006797545658	358.683875431757
1434.8853	-820.6295	12.6247519984905	363.143984814414
1435.9222	-837.6201	9.96041278212142	360.644778903621
1456.0288	-847.0744	8.10606387647735	375.342866729914
819.8897	-344.80988	104.807176156019	574.260515235071
863.9517	-352.98254	101.456371795547	558.137666318347
890.1089	-374.68448	99.6735439198249	532.892633393373
914.0641	-382.95697	97.7127827211525	521.763274894667
955.72687	-394.89877	94.0852863799864	506.387905642303
1028.9053	-475.40924	86.8248838554121	425.243545580429
970.09656	-398.7262	92.7829281000435	501.865676135547
1016.6852	-435.0187	88.3251737069075	465.180025868532
1024.7083	-410.34387	87.64546764252	490.069873272581
1024.9984	-396.1187	87.6850313281744	504.292865261123
972.9658	-412.23273	92.5858505099993	488.264449212201
1025.8977	-411.33322	87.5272728848945	489.122215725532
1019.983	-436.93317	87.9861103278148	463.353025875594
1044.561	-447.50378	85.412163238139	453.95073201283
1036.4188	-447.57672	86.2471900788246	453.395489357168
1078.8081	-456.08496	81.7687405483623	448.535734885274
1039.0665	-496.56445	85.4884163747965	404.689500196538
1072.5818	-472.78	82.1182598188043	431.29434463147
1057.277	-492.01614	83.4739405266615	410.644728835437
1113.9312	-491.67465	77.1910593183141	418.745938525264
1158.8721	-525.28613	70.9409973901754	396.445922388803
1249.2936	-536.2695	60.8175875212024	416.610070645138
1246.6381	-556.2997	59.6839040803621	398.145142752696
1311.8188	-571.4873	52.280299821178	415.306205232006
1299.5491	-620.6114	48.8581230307951	370.993241519925
1322.194	-620.73505	46.7683037155	383.295156989486
1335.6691	-644.7406	43.0223467527225	374.125095737633
1359.1312	-669.79675	38.1904780549564	372.32980908591
1365.0834	-691.49884	35.0257087454675	363.277922491465
1373.433	-717.16266	31.000205912536	354.995592161169
1370.8617	-744.7011	27.1987845680964	339.763760199031
1391.565	-763.43365	23.1719338002005	347.062912927877
1399.1655	-791.57245	18.4362540398175	342.854588100864
1402.517	-813.3337	14.8012889226813	339.245882330513
1393.8226	-825.94934	12.9939078043086	329.337335961025
1439.471	-858.93134	6.54236475911651	360.447960473656
1423.9116	-867.37177	5.39609050097667	346.959776184431
1452.512	-886.91077	2.03305619171712	368.959322548295
811.049	-411.12845	107.481357719351	512.543504754823
825.1338	-411.5515	106.262872298497	508.807430790157
843.7481	-350.86295	103.053754881938	563.703956821555
886.78766	-386.21246	100.178991232958	522.003629818949
908.1629	-394.3	98.4174862681558	511.206872089158
958.7648	-422.25742	94.0230660240882	478.922699664187
971.39264	-442.98953	92.9199336157333	457.604580280735
1011.87286	-465.7907	88.7236142745959	434.317064951035
1039.736	-478.56302	85.606640574883	422.678964109055
981.6591	-408.87903	91.7429932969064	491.348308063269
1026.9127	-465.22528	87.1124956060618	435.327425962238
1055.4768	-470.17548	83.9962283173817	432.195104825529
1071.1023	-485.17136	82.0491748039941	418.855030129606
1088.5789	-492.41125	79.9578556010002	413.930261668641
1144.6637	-518.39215	72.8341079165605	399.399405414201
1183.7449	-505.9777	69.1938301616467	421.510053111605
1240.9874	-562.83405	59.7832381606381	390.180740995103
1283.7561	-598.7363	52.4940836178356	379.764675602356
1305.9681	-615.2374	48.7970705632944	378.48179687393
1298.3875	-639.27264	46.9991395132941	356.504671947918
1327.4375	-661.15234	41.8347458706869	358.100804825319
1339.6707	-673.8152	39.2558262774731	357.443889847454
1339.8324	-698.62024	36.0260436129493	342.393534906582
1360.24	-723.2312	31.0562345611471	342.655466903526
1347.4382	-729.42523	31.0692697988108	330.52385790513
1417.7235	-774.032	20.3085390783836	362.941281709466
1390.5897	-800.98663	17.2808475853196	333.315831488086
1401.83	-839.9904	10.3856294038543	332.882819103625
1412.6537	-846.3148	9.07123605534708	340.507440478111
1403.4636	-859.1908	7.07596359251834	331.283388721371
1433.2977	-887.86475	1.96851678817423	353.278885300347
1398.2678	-886.00214	2.46981852930157	324.828211090381
1448.7346	-919.3962	-3.0364626978213	366.163160711257
743.0683	-395.22147	112.526479048492	546.473012100054
781.3777	-398.21725	109.545914747146	532.466851068777
766.5249	-445.71515	112.72302203606	492.512191534129
797.93695	-404.61087	108.385003863336	522.034504875667
792.1502	-502.57605	113.081659399003	432.00742358371
831.7312	-371.45987	104.542991435154	546.035378119006
777.893	-426.96747	110.936903350226	506.472633374107
890.14166	-400.13168	100.153028032831	507.820559432042
961.8976	-434.34088	93.8145161761584	466.693010500633
930.20197	-390.46774	96.3690555108207	512.696635591442
958.9987	-469.02606	94.4327828284372	432.266983340055
926.67926	-445.8958	97.4951723309268	458.017568160556
976.93463	-474.66937	92.5301652567403	425.745681700229
908.8588	-523.0375	101.145194001472	384.208479673283
979.73615	-456.89722	92.1340969080328	443.410324958914
952.22504	-449.21927	94.9357865253728	452.458558985135
993.44885	-477.21997	90.7233984019907	422.813729477434
998.3369	-462.1113	90.1773171512217	437.890796967996
1005.68427	-392.74893	89.4768367481004	507.272216438121
1252.3242	-586.48645	56.742768366986	374.918914864361
1320.5681	-552.3968	53.076248269726	434.810711035831
1281.9827	-627.52026	49.8602953039517	356.427341632724
1308.556	-629.9082	47.0498987249456	369.004397508671
1309.6461	-659.1545	43.6678713048387	348.810366877032
1313.1812	-697.6654	38.4096869116217	325.673629062287
1322.4851	-684.18054	39.3965335643996	340.042511221996
1336.3235	-732.8323	31.3826276361457	321.012848556491
1345.3074	-750.123	28.0426671274259	318.799769153342
1363.6367	-784.0732	21.3673338280149	318.17786323086
1377.276	-804.7798	17.2097583085626	321.830400714692
1370.1124	-840.59717	11.1428688140097	307.378781625405
1384.3191	-858.74866	7.50413383726485	315.86568907976
1373.2474	-873.2294	5.03026859492325	305.314635654472
1414.7675	-907.552	-1.28006700781804	338.055525356347
1400.3022	-905.5003	-0.966061890899865	326.230556861474
1416.5957	-934.4634	-5.79703018275533	341.205805200261
1434.0078	-961.8245	-9.9161721215055	359.012392870744
739.2131	-434.85364	114.553163076024	511.388064587689
764.2983	-469.41418	114.038984616747	471.477797351539
783.6871	-477.1869	112.630178313141	458.08188906401
743.608	-428.28836	113.888412144321	515.906302099788
784.199	-460.81238	111.820445465009	473.082440043486
802.80396	-466.7995	110.350992918346	462.041208183472
893.7849	-399.05005	99.8021929509619	508.371470359455
903.50635	-443.33035	99.7691508860181	463.389069757439
1012.6913	-492.77435	88.5452940500102	407.356938578507
916.4394	-437.878	98.3816387599328	467.111169336225
968.9487	-441.93094	93.1615880572558	458.767320676698
922.2218	-465.38812	98.2966629943022	439.208551098447
954.58356	-456.00674	94.7646558787451	445.53289333203
978.2755	-473.36865	92.3759950372184	426.998446177533
1045.7798	-431.4245	85.4482658142392	470.058023443581
992.2247	-488.9709	90.8830956371557	411.077926522924
1044.8201	-525.53516	84.4295796575401	376.241586045973
1065.7709	-512.0284	82.1351286638223	391.655691302442
1084.514	-511.61453	79.9452173444798	394.443622560069
1139.0372	-473.88974	75.1107278223488	440.914307552656
1181.1323	-537.00446	67.8732414366819	391.854518795383
1249.4274	-606.4175	55.3054785395493	357.070111810818
1324.7639	-635.90546	44.9417371513259	373.866450151262
1370.7412	-757.31537	25.2820522675203	334.097640520186
1289.7644	-687.85077	41.9399190931804	317.421892912067
1298.5126	-702.5504	39.0677307965698	313.293392316922
1346.8107	-660.58746	40.2708502705196	370.377347024555
1437.2625	-842.8711	9.10920473927855	360.852022273168
1446.7866	-869.3135	4.81803078415727	365.352741874538
1386.6182	-895.8562	0.753596989622685	315.061100254958
1376.4631	-890.3551	1.80086010146701	306.910604366341
1384.8594	-910.7174	-1.95733903225063	313.783781334597
1369.4194	-909.7837	-1.86156532611799	301.178447460846
1399.9829	-945.16406	-7.88936961974024	329.038371261636
1402.1903	-961.7429	-10.6694526547044	333.488155654175
1416.8473	-983.9409	-13.881257559951	349.884239997656
1411.3882	-1011.0686	-18.3317314957307	353.138844475989
659.8976	-438.21307	120.969096013052	538.561591019102
692.74396	-454.39865	119.329932009945	511.120042447177
726.80133	-457.77924	116.720745476539	495.092343973599
707.95636	-491.14377	120.201072639878	473.067922589522
747.64197	-478.84772	116.024497312357	468.672621240329
742.53094	-457.56738	115.369862681445	489.654516932982
774.4146	-492.49646	114.279230719511	447.043467439947
757.0608	-479.97736	115.234622987081	464.334245065989
805.86316	-490.2294	111.109016279633	439.245335694006
839.5726	-486.95605	107.561952740984	433.23656646507
853.0943	-510.6795	107.091224129394	407.308020091113
881.0386	-458.92023	102.3947222105	451.605772782157
914.7123	-454.4976	98.8664084160947	450.890359397015
881.1729	-470.4318	102.702319721699	440.345370148501
930.8751	-516.05237	98.3459001726358	388.057223352101
898.80566	-466.50595	100.769934550235	441.266769058967
940.71436	-498.38077	96.8588463320676	404.514185883362
920.641	-424.78024	97.7488992654504	479.599226169365
924.2429	-491.08994	98.5847187288379	413.543304830144
1049.0579	-569.822	83.0968105826966	332.589053485755
1249.8613	-669.5676	48.537843483954	307.491975897573
1260.9496	-647.7217	49.8740464313629	329.935325967583
1424.4325	-967.0065	-10.9649913778906	352.277968149585
1408.0044	-984.1328	-14.2012010209702	342.940473256526
1356.4249	-869.0985	6.07335095510142	292.070307992347
1405.6818	-949.1289	-8.45340894183055	334.198548152119
1388.8882	-926.7414	-4.82368915641379	318.009881150171
1374.3507	-928.76373	-5.38681416929008	306.390885444058
1386.3538	-943.2139	-7.81592426606815	317.770465059261
1391.7001	-962.6966	-11.1133081441299	325.27437982746
1406.095	-971.8308	-12.2474217484612	338.610983623696
1397.717	-993.7687	-16.1372831206376	337.370555145706
1405.517	-1027.1456	-21.0459415999711	354.051212233435
651.6857	-461.3476	122.904157123578	522.466190198124
678.0852	-469.40482	121.348999778949	504.201416665293
714.2134	-472.56015	118.581807633024	486.758741181564
729.13196	-493.29578	118.488362506178	462.734937423843
750.83	-499.10352	116.860032769197	449.378631689671
709.3999	-459.22754	118.2458045821	500.351633686804
773.8129	-517.46533	115.725033273338	424.619816975571
717.2177	-439.49335	116.582006996676	514.938303514784
767.8384	-507.3465	115.724201943969	435.848838948664
800.8252	-526.5367	113.488399099759	407.203892122943
981.83356	-697.21234	94.174997817613	203.327221064612
912.6279	-514.828	100.472283879887	391.696509673172
1981.9677	-39.21822	47.0905884497726	1175.23929936306
882.2905	-446.28394	101.936511519538	463.743405814189
1031.3452	-657.85583	83.9786811150649	243.487506861158
958.2311	-499.59583	94.8585791875568	401.848096119138
1017.5155	-638.19525	86.8795811136218	262.193495249198
1264.248	-519.17346	60.5159773913422	437.483758516878
1321.6577	-682.57	39.6779235901408	340.54779686077
1332.4492	-978.33014	-16.1274187003101	281.991933846426
1377.6792	-990.10034	-16.3185139498713	320.668213812713
1415.4799	-936.9429	-6.22750020267948	340.561304042529
1387.0626	-979.87	-14.2106789860222	325.351858916669
1350.6013	-936.3824	-7.25761667856479	287.993015916977
1335.0767	-941.6905	-8.68158470834596	276.200098773737
1353.0536	-952.94354	-10.4276773271392	292.515040522513
1356.8597	-975.27277	-14.5130345687225	300.369894908511
1369.6082	-981.548	-15.1505623387299	312.018357967999
1369.7173	-995.90424	-17.6584262088038	316.159072177937
1385.4738	-1033.7888	-23.0711681623572	341.407520339325
630.43097	-478.18158	125.523513832081	518.282678170397
696.7462	-506.2931	122.113879631031	464.828897227814
691.2723	-482.80252	121.089483042073	487.174275892723
678.1694	-487.95334	122.474210379875	488.419205215334
711.74445	-508.34982	120.952292839696	456.683857352769
730.41986	-520.5865	120.06920949068	438.41504358025
740.5144	-513.261	118.66660152338	440.765403646705
764.7806	-527.08264	117.201680383505	419.289539061757
676.5404	-461.12457	120.987185759297	511.937951104693
753.0072	-510.93295	117.352110245392	438.040047641103
784.11005	-551.5616	116.787934555661	390.328123399736
843.03973	-504.0423	107.900971578884	416.101510461579
876.64954	-523.8036	104.958777972719	389.392206361242
952.86914	-657.9055	99.0139296736637	245.121684362618
893.0203	-499.2899	102.273097345572	410.082329508406
967.6325	-634.95746	95.6828178146381	266.351575490327
962.3286	-623.83014	96.3424062968452	277.870576428102
1363.367	-975.3511	-14.2780633927667	305.52533614085
1363.4579	-957.3851	-10.9658962337569	301.670117876911
1335.5493	-955.6668	-11.5077964410411	279.029796422445
1397.07	-982.12054	-14.2415480621216	333.809336221821
1337.5454	-976.8832	-15.6171321814591	285.590529217176
1329.7399	-990.15564	-18.5487493178059	283.409011117342
1332.0193	-999.64124	-20.218715958104	288.309815419608
1355.6656	-1027.4528	-23.7387930351362	316.599707890735
626.8	-489.8024	126.551398625514	510.62602789665
666.9012	-513.0686	125.048812737569	472.638138457763
681.35236	-511.56384	123.760567784336	467.225786732864
664.7769	-500.97165	124.393586908792	483.567138788758
745.4908	-529.1995	119.217907325769	424.85498795806
698.7807	-526.7535	123.328930140768	446.718230077722
721.6093	-523.3195	121.057269658462	439.71235650693
720.2362	-539.3283	122.295108726902	426.675171640817
691.5562	-441.71902	118.741570090751	522.675957486186
744.2398	-567.6411	122.089673483389	392.294574306507
801.653	-532.4625	113.737155133767	401.504040922185
873.58014	-542.47546	106.073134110891	372.069061639357
1338.151	-947.35925	-9.75256819900937	279.58097404263
1318.2959	-964.5438	-13.9745499576407	267.272206145306
1355.6604	-1003.9152	-19.7260880053446	307.875090964475
1379.2233	-1013.7782	-20.2139352198543	329.289412391514
1398.3867	-1008.1139	-18.4200342054352	342.153379236229
1350.513	-1003.48175	-19.9161436954642	303.782266307725
1322.3671	-1017.0871	-24.0245334269616	287.593003689588
1333.598	-1029.4661	-25.4672883810125	301.0869518593
1344.0402	-1044.5004	-27.268755432969	315.38949922618
643.3629	-491.58044	125.433097761502	501.255589383193
658.95746	-534.23956	127.226772541174	459.355316685664
646.1597	-533.56396	128.196930708362	466.268855632677
669.3902	-542.8238	127.024968828122	447.380014039023
697.51135	-527.6473	123.502829204213	446.541793608766
623.864	-577.39044	133.532450138493	444.988280442824
680.7962	-550.4719	126.65480412471	435.686493370924
703.6785	-561.35394	125.489027080958	415.911260954266
706.8182	-569.91986	125.895387552626	407.46165472894
723.709	-591.6829	126.137058468234	381.765486037364
684.9902	-668.5668	137.961341813713	345.612586338755
777.90955	-650.8265	125.990082970259	307.956662293964
936.8961	-696.68005	104.19259236774	209.721260091255
1293.0739	-1001.1735	-22.9602998123449	259.357239104734
1312.3805	-1019.9764	-25.2365139186623	281.399686729194
1330.6577	-1129.8003	-40.4607908973943	354.123210368862
1309.1195	-1004.32166	-22.4976141640136	272.633042628933
1343.3346	-1122.3755	-38.4800282106462	357.37795035403
1309.1111	-1057.3262	-31.9894656420705	296.974497720167
1320.8115	-1044.4694	-28.9272814027771	298.676130947907
1301.6239	-1042.2554	-30.0622334979822	283.976717056994
1323.2755	-1063.4829	-31.824497458763	310.026492712838
611.90015	-505.39044	128.708779774004	505.692770729612
661.07806	-552.3978	128.467025254617	443.955508848042
643.70386	-551.8391	129.8242124526	453.326859673007
570.8061	-623.7859	141.69830475387	445.64875275195
647.81494	-562.78326	130.398250000295	442.798440298247
679.7556	-642.6474	135.397613372295	366.503754553056
673.17395	-569.8874	128.894242451457	424.142297731537
699.8028	-580.1251	127.405800151468	402.686019278943
602.6897	-606.5221	137.807506068155	436.967862676369
581.144	-600.2702	138.710604699929	454.230618296664
707.1729	-590.5805	127.637590565919	390.735865695557
715.7743	-581.69226	126.03953414023	393.647439609954
881.03284	-663.5502	112.2926664753	255.550050635575
879.0574	-648.80054	111.420849313959	269.83914413189
954.6199	-683.42676	99.6892548269209	219.707354434774
1301.0447	-1080.4651	-36.3410711018442	304.535809807315
1284.7701	-1067.3241	-35.7949784128591	286.079563560057
1275.1891	-1059.0503	-35.3479770565602	274.916296774437
596.1846	-534.31525	131.981206394493	491.932106905285
626.3318	-537.9682	130.065027899659	473.049758223589
623.427	-554.482	131.607726610707	462.102513246741
600.441	-652.9447	142.808073650072	408.702509672828
635.7509	-585.5242	133.34430939541	432.422396363099
642.7713	-601.9146	134.319350527302	416.636466594167
629.5633	-602.18805	135.385668537084	424.033532092682
596.3202	-631.4767	140.773930205247	424.622092619693
670.32745	-639.449	135.874876961345	374.232499669699
1968.794	-71.10778	46.3973391087015	1144.65767679568
1297.2966	-1122.3093	-42.5420790073457	328.795954266548
1274.819	-1100.7418	-41.8739866355216	300.739232113896
1266.319	-1090.3397	-41.2542096323911	288.655438531719
1254.9987	-1079.4038	-40.8077634006949	274.517887994981
598.33905	-573.3372	135.055070490959	462.415631910995
610.42316	-586.185	135.329441450439	446.375380006406
577.6674	-651.1528	144.12900335184	424.681293771877
650.97015	-609.74365	134.416637389068	406.368124316447
649.103	-635.42676	137.221335886261	389.554909188704
640.934	-630.7885	137.382225155998	397.59236749851
671.269	-588.2651	130.67151216452	411.011165999282
592.1666	-669.36365	145.238698684127	404.512467674584
653.6289	-649.4099	138.399222309495	377.430901895306
836.5493	-633.6705	116.568873630484	297.77536689069
942.61487	-766.3388	109.2818572747	141.604420439464
1000.9419	-728.96313	89.7428954674433	171.03859201734
44.64947	-1617.832	-137.320378793104	1058.9082013316
1218.2456	-1061.4316	-42.2317194182216	240.17891687541
1372.4541	-1166.9723	-41.3370371299071	404.205131110694
1332.5406	-1098.602	-36.2389026579826	335.956768940437
1313.1973	-1137.649	-42.9596769898355	348.723049806103
1291.0608	-1069.5454	-35.5598574196095	291.53895776037
1313.327	-1112.5079	-39.77206794788	332.18109569403
1247.1074	-1114.9352	-46.8685524220131	294.517657909953
1266.8706	-1114.7491	-44.6408802166011	305.622669076897
1247.2623	-1097.1669	-44.3800626462823	281.902718408832
1276.7474	-1127.5424	-45.2575115843561	320.356968092438
595.37085	-630.6855	140.757280015227	425.721704684052
612.99884	-602.9982	136.715896610546	433.189458436312
621.3418	-636.504	139.50307279519	405.748462873566
650.80255	-662.44226	140.142225651192	370.671935166293
675.1762	-667.01086	138.643701187328	352.618733486537
620.25226	-667.5737	143.088686046541	387.004272901612
591.44946	-659.41565	144.145074131353	410.739297118926
583.72015	-612.4984	139.716105093497	444.652874243065
109.35623	-1617.832	-135.313728953589	1020.77236945829
1215.1177	-1127.2041	-52.3498790936688	286.962415900666
1289.3812	-1167.0713	-48.5582901897108	356.271086664818
1227.0522	-1136.0217	-51.9078686667566	299.89298054128
1288.5038	-1147.9525	-46.525823616105	341.680833813884
1257.9536	-1146.79	-49.578812881865	324.169784425637
1225.0668	-1097.6549	-47.1432346108056	269.631248951088
1237.6132	-1133.6664	-50.3545762850209	303.459840163914
626.30273	-675.0871	143.549780956632	378.562131666714
567.0721	-631.0162	142.674748082056	443.619545136039
590.6701	-678.3178	146.390644099379	400.489912275034
606.8688	-679.9549	145.514473379679	388.636281766991
606.384	-689.58246	146.733283883661	383.597580243361
627.8124	-696.2144	146.100890537743	365.382520833774
593.597	-685.57086	147.076208638205	394.517108753211
1134.1111	-1161.7178	-67.3371226721352	283.616410297624
1174.0571	-1225.7643	-66.4729099835858	355.299866461022
1183.7065	-1155.7262	-59.6569330211822	296.316844961213
1197.8612	-1160.0244	-58.1993281742526	305.951907293094
590.99976	-696.57855	148.601063127791	390.448893099291
611.5325	-706.9652	148.624071896696	370.756624875322
587.1478	-750.6393	156.059569483706	368.076942280782
519.79047	-938.14667	-174.431946854727	393.15128505779
1119.398	-1138.4545	-67.8042501663935	257.53845759159
1086.8986	-1225.9899	-77.7450433819595	333.591534519323
1080.1025	-1188.231	-77.2403385953417	295.529063030021
1093.8473	-1191.5687	-75.303792524428	301.430122870274
1140.3369	-1218.6427	-70.2582222910399	338.540593048848
1132.0862	-1205.166	-70.572635971015	323.589945330716
1148.0087	-1229.8273	-69.9146356327275	351.185710438435
1166.6147	-1237.2113	-68.0697197041501	363.515654924056
552.8069	-830.53033	169.206373842782	370.95591255383
533.1937	-806.4067	166.176660476572	391.720084972546
513.69293	-833.61664	170.489961626571	401.786698164316
554.0361	-860.1651	173.744224398087	365.568214054649
494.59134	-837.6769	171.394597246816	416.518695521566
496.75638	-976.4792	-169.435435933189	417.136379214152
1085.4067	-1165.4487	-75.3092804579831	274.4198009358
1058.379	-1169.3789	-79.9853423632837	273.546852012905
1072.5367	-1209.3376	-79.1826916227674	314.933784295401
1097.9207	-1216.255	-75.8399585452338	326.165138428975
1114.3973	-1206.0463	-73.0602325763995	319.927444641691
1113.0809	-1180.3124	-71.8034381882908	295.068544075247
293.28647	-874.29004	177.443667134966	576.435517831007
547.3484	-764.97327	159.893129229249	392.779545855689
534.47723	-714.8557	153.983741085079	422.100431076402
557.0435	-729.83966	154.759142918805	399.039870758205
570.4504	-778.359	160.836149935554	370.550844445866
533.6527	-846.526	171.98988894834	383.744702841248
508.12317	-859.39496	174.215150628791	402.854881391241
583.89185	-921.42206	-176.384853856352	339.739632146827
474.8881	-886.5782	178.203346856376	428.095181077396
544.8486	-868.03577	175.074115546297	372.252649418984
538.8854	-914.73926	-177.753575091391	376.025838333122
500.67783	-935.58777	-175.001222939549	408.423513123666
505.38693	-871.49713	175.954723178436	404.039530125792
477.19614	-993.27405	-167.649917326584	436.095727855085
471.39932	-974.4942	-170.187776686041	437.121951529211
936.63727	-1234.1471	-98.7836036825799	338.112441862048
970.70746	-1175.6843	-94.9483553390376	276.715659975602
1029.2222	-1172.1302	-84.9993205648301	273.169976572466
1021.36487	-1192.2318	-86.590761601463	292.749893427063
1043.2405	-1189.0717	-83.0506258673379	291.21109790728
1058.8168	-1202.0624	-80.9843495375893	305.840888813006
1088.2714	-1207.7097	-76.8432768180461	316.004468471719
1107.1158	-1193.9374	-73.4615629348342	306.622691488419
1125.5833	-1221.966	-72.368109229875	337.836823469512
1130.2601	-1187.1313	-69.7125198806891	306.121641005122
1164.0967	-1207.2983	-66.4849097612244	335.129087567403
283.3982	-930.9061	-176.970234857281	584.736623410898
516.1683	-758.58875	160.267788225076	418.841789342654
521.9896	-798.20807	165.354047535911	402.58565067426
520.1507	-784.0437	163.481678439937	407.834523522451
549.7922	-786.6422	162.82866525765	383.964257928816
524.846	-844.14307	171.790736054313	391.185202625383
538.8883	-846.29486	171.865596194308	379.553226315862
504.4072	-793.45233	165.219781874427	417.650663219823
478.8338	-853.5829	173.762236911464	427.198795313915
571.7767	-915.0445	-177.5311978469	349.259724419255
520.173	-884.489	177.728173557532	391.292111683432
492.94696	-907.2332	-178.997047311948	413.232867229643
528.5567	-798.73016	165.231763412294	397.27725695029
515.215	-940.003	-174.217533998149	397.04488788101
541.543	-876.56464	176.410350989091	374.305691661328
551.4182	-905.7109	-179.104892285401	365.569179340848
543.38074	-946.22876	-172.917512988264	374.934726937896
511.96878	-989.2923	-167.344768137164	407.571252069826
519.7208	-980.44464	-168.384350896574	399.535399938425
578.8465	-930.049	-174.995841356153	344.487820237392
588.0833	-939.6424	-173.264171968256	337.981115996962
567.6586	-920.975	-176.592699224657	352.915023651484
524.35486	-944.625	-173.431976683115	390.137559661134
486.22058	-938.4748	-174.749155576851	420.414751050232
739.56714	-1375.384	-114.05608058345	520.599691995092
766.9087	-1345.022	-113.112555864477	483.858675721463
736.9601	-1331.6595	-116.406290215242	481.944133825953
793.2729	-1303.7223	-112.648021050253	437.455449944127
805.266	-1267.647	-113.345231592414	400.428549514953
786.38824	-1309.1714	-113.044774177432	444.655228392301
842.44183	-1216.3053	-112.091788985906	341.367646340043
849.3968	-1252.8688	-109.176294648522	373.598925137075
876.63837	-1276.0953	-104.963912956732	389.296883420818
896.55444	-1251.1664	-103.497606986652	361.141240408785
947.1954	-1262.7205	-96.7650720661207	365.263646865082
976.7426	-1192.9884	-93.7008690464535	293.6006632773
976.95447	-1213.2601	-93.4305185624514	313.822439436339
1004.3535	-1207.41	-89.3388517518753	307.43046748601
1031.6722	-1220.7384	-85.399657413159	321.775030781911
1051.4227	-1225.9768	-82.6752844825809	328.658807429534
1062.8763	-1231.6808	-81.2189749830658	335.614540537201
1094.679	-1235.7164	-77.0579464466069	344.466866963225
1109.5955	-1265.4851	-76.2692751767265	376.237216159928
1098.862	-1259.7998	-77.3799198712181	368.707685262206
1146.0056	-1254.9147	-71.4681946155338	374.324404618209
280.78867	-901.6311	-179.840533021386	586.047917233239
497.58563	-814.2359	168.168071060242	418.27677142101
517.7722	-852.1868	173.062332193474	395.839114836368
514.91815	-872.47015	176.015849314858	396.223997888614
496.46036	-908.4385	-178.821802512506	410.393447055185
571.24927	-957.70465	-170.621136267657	354.098794189078
533.94824	-861.90405	174.27148740964	381.665907202668
480.7507	-944.7287	-173.965406580851	425.46528931961
508.96936	-924.8095	-176.451854085561	400.882219963054
527.17584	-872.55225	175.925055636008	386.254801143968
503.42627	-922.67505	-176.792562293831	405.265390279332
511.2668	-895.2912	179.322567701115	398.269567798873
550.20044	-932.8455	-174.879103505551	367.985640260673
532.3785	-925.2733	-176.205281721266	381.876205945546
555.9615	-946.3248	-172.704008523606	364.775954901803
583.98883	-968.3707	-168.596845302044	345.810762952479
535.40753	-1013.7949	-163.269704569387	395.303826738599
508.84738	-967.01965	-170.49346419817	405.785934696106
517.2244	-938.0148	-174.480386099689	395.219714323205
538.96063	-983.69037	-167.441123649527	384.884659572289
510.9145	-1019.17413	-163.351485087523	415.965957606419
494.9503	-1016.5107	-164.192597923291	427.712013001022
519.2072	-997.3766	-166.041729205932	403.691886142514
728.7564	-1297.1365	-119.097588755127	454.49739392159
711.38824	-1294.3527	-120.809905712229	459.152230728579
753.4993	-1278.3125	-117.965453398037	428.328165305842
801.5765	-1339.2594	-110.207854967761	468.0712071547
738.8249	-1264.0773	-120.307928362477	421.714873510084
1980.0758	-60.772827	46.4206126939268	1158.4816476435
775.3457	-1260.4989	-116.921088433212	404.314029412126
789.3211	-1258.9514	-115.559732314188	397.890573016027
810.7383	-1188.7974	-118.102388278669	327.394889901817
848.8675	-1195.8209	-112.601846086247	320.430669344008
803.45544	-1269.2994	-113.444833094687	402.530909955662
847.10284	-1239.5249	-110.150433707289	361.661711697784
862.09485	-1214.16	-109.681526638956	333.652236479524
883.06885	-1245.1309	-105.433302365914	358.041559803208
916.1985	-1241.8516	-101.296217349627	348.604916450284
916.0235	-1202.464	-102.74769383493	310.107783894534
946.36865	-1194.1182	-98.4513980091641	297.347125446812
967.3001	-1207.7129	-94.948987143759	308.864376774331
1000.2883	-1220.3745	-89.9579869324606	320.374586129344
1024.0011	-1209.7245	-86.3869252817832	310.341342563621
1045.5275	-1237.9962	-83.736391289226	340.026001364106
1068.7405	-1246.7255	-80.8232589944918	351.220743771227
1083.0306	-1189.272	-76.8358784427786	297.078722402854
1124.8445	-1243.281	-73.4931823030771	358.037167890295
1134.5961	-1262.8112	-73.1803508096033	379.025802595237
285.59186	-964.5489	-173.672681965328	585.69956856407
364.82333	-916.9506	-178.124215017424	517.847932001005
465.2899	-911.73694	-178.456952831665	435.863825333383
494.0551	-929.40594	-175.920145564656	413.313990887448
496.4876	-941.4754	-174.227615211937	412.37551789669
531.46747	-944.36523	-173.371623507098	384.350424484571
535.1405	-958.91376	-171.159496152459	383.342483379179
553.74585	-974.6391	-168.400451625843	371.209161411404
550.19135	-992.69995	-165.806603442138	378.065225707329
535.87964	-1034.5939	-160.409695606045	401.422760244634
593.16315	-981.3329	-166.21524115661	341.340297964478
596.70526	-1032.1118	-158.099047586698	354.184087921444
721.40295	-1207.8452	-126.406066402734	382.496716064989
708.68823	-1221.431	-126.445533421817	399.580096925748
796.9422	-1273.8389	-113.874117839225	408.81870562938
723.1697	-1253.2849	-122.558385098001	419.158364479532
744.08514	-1227.0814	-122.519567276757	387.90125125188
777.18475	-1230.502	-118.782004524088	377.088257952292
773.45715	-1241.4194	-118.399025208198	388.128020615532
803.7153	-1246.8597	-114.755049154255	381.959368824319
833.1582	-1256.842	-110.855912273597	381.862101750471
859.5366	-1231.324	-109.057472143551	350.536361832131
918.2135	-1217.3475	-101.859836717741	324.26958890169
950.07947	-1203.0938	-97.6438536387428	305.811231847134
971.8693	-1227.9835	-93.9977948794862	328.78351769403
990.98315	-1232.8784	-91.2644342985975	332.959475762661
1021.6514	-1228.5386	-86.9261674560798	329.011961206213
1042.5812	-1252.0593	-84.371412602456	353.764946659747
1043.6285	-1208.4415	-83.4251948285826	310.483484295836
1082.8749	-1267.1251	-79.5773363478263	373.284295120455
436.90588	-928.0353	-176.503509575509	459.690039455038
482.85007	-936.856	-175.001545833704	423.00562603001
549.34485	-991.70276	-165.978552144489	378.491133576401
478.33118	-924.6196	-176.685264168417	425.791508917082
478.68225	-937.6003	-174.941681882763	426.453920169225
495.67487	-958.8369	-171.852105234451	415.137325701981
521.26495	-965.3783	-170.485881560969	395.535417901321
544.8851	-972.95715	-168.870299171928	377.956357861717
556.8	-999.3019	-164.625428756436	374.542942534832
573.396	-1008.142	-162.719286405347	364.048932920599
582.8181	-1018.2632	-160.81742644878	359.922746348398
699.9673	-1209.4819	-128.307527092186	394.39772532417
732.7145	-1222.9119	-123.998705567238	389.4961944285
721.64056	-1231.6527	-124.368515573912	401.796857908055
775.14136	-1196.9708	-121.673736295687	348.945585553895
773.3992	-1205.9418	-121.112164310803	357.342936644572
796.9665	-1238.3883	-116.054386497366	376.666032987931
831.27594	-1208.0613	-114.05061314412	337.347885542448
828.0383	-1188.7356	-115.887093244051	320.939949420645
853.3302	-1224.2323	-110.234058403357	345.55748124175
884.7297	-1227.6954	-105.993903505631	340.890940860882
912.4538	-1230.0986	-102.194482447119	337.718806042214
942.78845	-1228.3052	-98.0818309826872	331.598540890533
963.3398	-1263.5054	-94.6979319629294	364.730770054569
981.5177	-1271.1523	-92.3236099571798	371.457722531889
1020.4489	-1242.0114	-87.2107742432263	342.417059537468
1007.8934	-1276.2773	-89.0207098981427	376.332267797585
420.88284	-963.6388	-172.319474411931	476.162438570082
421.70407	-938.5518	-175.32290616454	472.79583887136
470.258	-958.2576	-172.313659822482	435.571095983881
485.82925	-987.28485	-168.231768561528	427.964942807537
509.18872	-996.19495	-166.475750348019	411.341108055991
514.9197	-1000.6214	-165.717754689233	407.871587084467
567.2707	-1046.437	-157.446997235196	381.805790113083
531.64014	-1011.31903	-163.738801458748	397.544322946419
533.80206	-1018.2968	-162.703070079381	397.872064668665
579.0702	-1038.3496	-158.032800746618	369.843821907058
555.14	-1028.1184	-160.534657020629	384.466756746081
599.191	-1040.2396	-156.761494520737	355.433317399428
596.38007	-1004.1053	-162.435462149659	344.970985153769
590.6336	-1047.4027	-156.159641729488	364.686946702432
582.7835	-1058.2948	-155.032440889318	375.012815207278
603.116	-1023.89886	-159.037430130017	346.320321363815
746.2962	-1160.473	-128.437926501585	332.54046390794
680.8629	-1233.6627	-127.93183751841	423.031151361007
733.455	-1207.1613	-125.264014353534	376.192484457385
708.6217	-1235.8212	-125.260597182577	411.276043864737
716.6505	-1242.3103	-123.999386536635	412.897846058584
755.5559	-1200.7689	-123.514492388469	360.743958104992
772.2753	-1215.7151	-120.444714317752	366.208477274226
797.0224	-1221.4297	-117.228592715645	361.486709779289
822.3458	-1206.7323	-115.264707994758	339.175969062606
835.6519	-1226.8433	-112.280488945521	353.214704908192
884.1784	-1214.861	-106.685609406714	328.70107756178
907.2974	-1220.2957	-103.270101144134	329.082604443268
936.3825	-1254.5468	-98.318292337931	358.316413651638
959.55664	-1242.5898	-95.4946008385505	344.171188913715
977.43506	-1250.5897	-93.0021671915217	351.071526560419
998.08435	-1254.539	-90.2522591126202	354.54243626035
334.43564	-935.12054	-176.294789836943	543.467675716258
384.91913	-903.22	-179.63190032589	501.205822012842
412.63275	-952.67206	-173.719790544233	481.50277259529
419.98138	-980.9439	-170.281555760985	479.506496428421
436.9264	-999.59827	-167.752480621726	469.503382318669
472.64362	-1005.3389	-166.22627058352	442.436534858128
492.45816	-1023.6113	-163.35912008699	431.645830748186
487.25427	-1005.0219	-165.890231587152	430.805414879572
495.0088	-1014.6755	-164.427701273445	427.169826613893
489.9071	-1019.1517	-164.004208064555	432.387789331322
512.8492	-1019.41724	-163.256862342475	414.525779050636
501.66302	-1026.0339	-162.756866502513	425.176684671505
489.54248	-1019.65643	-163.950817241755	432.812669307461
521.85706	-1040.3057	-160.195230576679	414.105593782817
543.3686	-1049.5249	-158.106867897955	401.00375098107
590.1851	-1020.6789	-160.130965483074	355.072323985513
597.5179	-1071.7703	-152.3565629309	370.220344039235
584.61847	-1049.5138	-156.167403046086	370.023421796842
568.07587	-1055.2319	-156.199598456804	384.664212559058
587.01874	-1083.493	-151.397544358493	383.291619142162
601.643	-1093.303	-149.225653359809	377.797111681598
637.5861	-1103.0189	-145.492462580382	358.364785172127
661.9594	-1165.0775	-136.099414116471	382.281489143916
684.5535	-1175.6692	-132.997139174359	376.912518477494
698.9953	-1181.5905	-131.056651883126	373.432225532826
728.58887	-1175.4668	-128.759168050147	353.260246399647
746.7732	-1212.3779	-123.446671137777	374.374647165362
762.3592	-1230.6478	-120.354920983185	383.176937037564
788.00867	-1214.0074	-118.815832935687	358.384946371844
821.21814	-1230.197	-113.806572505843	360.905207804843
804.7619	-1265.4973	-113.521882565293	398.619505146022
837.51514	-1244.5116	-111.022368161122	369.077213604791
858.198	-1262.6774	-107.671536075473	380.638831437724
901.7653	-1249.3282	-102.906109007197	358.38186298439
928.27423	-1272.4209	-98.9188923358734	376.979029287528
474.39465	-1026.9388	-163.490841916401	446.702420172717
479.67548	-1045.4467	-161.065580620404	448.237623199524
492.61417	-1037.4434	-161.611233641512	435.687876035794
536.56	-1035.3774	-160.277722292592	401.164229172874
508.831	-1050.678	-159.36955790662	427.650715644053
543.11304	-1064.9342	-156.105518766548	407.191125903805
554.5911	-1081.8093	-153.392059868325	405.930346882582
582.1883	-1095.3442	-150.153681336981	392.513342851405
613.9164	-1087.0345	-149.267729351079	365.997202395883
602.05365	-1108.551	-147.252869262415	385.539890533792
634.0848	-1113.1022	-144.446059884059	366.48927349025
657.9258	-1156.9716	-137.326641701533	379.115999690528
677.5594	-1162.4618	-135.030247323151	371.373142698884
696.00146	-1170.3643	-132.496360493853	366.685033034056
698.4669	-1235.8304	-126.190221688885	416.115213651984
730.7051	-1189.8866	-127.124390287695	363.573003688862
747.7108	-1240.8417	-121.096018373925	398.038672022219
773.4019	-1241.4211	-118.40475163771	388.15092998324
785.6746	-1257.3485	-116.04550222776	397.740820762118
402.78555	-1011.71173	-167.071258098278	499.294697929146
457.08643	-1033.5704	-163.199420031212	462.114977163657
474.53888	-1051.5215	-160.512033648842	454.189061008579
468.6644	-1071.7914	-158.357458979618	465.793140105178
479.59302	-1071.777	-157.94783134825	457.52217790772
498.40262	-1069.4658	-157.480049665301	442.463556956468
518.7792	-1085.028	-154.738996419	433.582382698439
527.6634	-1088.6929	-153.883000262159	428.647208772201
557.54364	-1108.9609	-149.903917802346	416.712020272914
578.9057	-1110.3829	-148.486078377512	402.488228576631
538.4754	-1189.9985	-142.363209281724	474.898393409738
601.0796	-1129.0491	-144.829936138185	397.65103424822
613.9384	-1154.9354	-140.97874416848	404.910887876478
632.4292	-1142.5745	-140.996128057015	385.422532809727
635.971	-1160.7751	-138.680189127113	394.957367466496
660.2134	-1181.5024	-134.525018138166	394.844854407615
677.24524	-1192.282	-131.980849394061	393.18591751298
700.2301	-1194.0753	-129.713830795769	382.29064951029
719.686	-1223.1356	-125.255055462868	395.713089375397
741.67957	-1188.5302	-126.111825496715	357.150063106219
748.8809	-1261.5343	-119.509223837031	415.42468053113
405.63367	-1038.1215	-164.082454280451	503.626715059637
443.45068	-1044.6133	-162.313467094003	476.000501855069
458.50122	-1069.8923	-158.941500136636	472.814887104351
453.34225	-1130.8032	-152.609289101098	501.685185894265
466.953	-1091.4454	-156.213920180857	474.670187281066
485.79724	-1093.5168	-155.209724154918	461.525682824046
497.98306	-1103.2306	-153.581066357775	456.768652219497
502.24	-1105.5662	-153.123034563464	454.715876592224
502.92856	-1100.1068	-153.70847152906	451.770932649551
500.51828	-1130.6924	-150.454930466463	467.833378626824
525.27167	-1104.7659	-152.105785353269	437.683072347513
539.2174	-1116.2522	-150.059937196586	433.289715376009
568.4866	-1129.2661	-146.894259085319	419.758367851538
586.8	-1139.9619	-144.522509419945	413.454338485285
607.39905	-1168.3517	-140.008798830055	417.557558532298
625.8325	-1172.1543	-138.246763286235	408.686843443189
651.11884	-1183.4854	-135.080591309012	401.474001381189
666.1816	-1222.9862	-130.103172653005	422.267256929363
685.04205	-1216.9568	-128.997304009789	407.831655182017
699.1613	-1255.9233	-124.556548067236	432.172972381144
716.1422	-1202.4989	-127.40265276464	380.795621134793
466.7424	-1107.9451	-154.426071677024	481.716425084617
466.58914	-1093.9784	-155.949298557737	475.968185726889
480.9091	-1111.1807	-153.468397454599	472.766473344594
498.55032	-1117.6841	-151.953487378447	462.97229048114
517.4609	-1123.4813	-150.387251342242	452.267405662132
530.86633	-1136.5961	-148.245715701424	449.56529001106
553.88354	-1140.9408	-146.463298558709	436.11481604978
577.03613	-1156.4772	-143.344583714526	429.609274596826
597.87213	-1181.489	-139.335519450103	431.977870917537
617.2495	-1193.081	-136.780086521055	427.980168857498
636.82697	-1198.0333	-134.797077449373	419.997879853967
647.50104	-1218.7289	-132.024528887444	429.057468799391
669.9337	-1236.6631	-128.620596407179	430.903312346819
661.7667	-1199.8435	-132.588342550468	407.266138949541
444.4796	-1116.5281	-154.436210011526	501.784965872999
444.90485	-1106.898	-155.419756301928	497.390117899495
474.0211	-1149.1577	-149.828800800816	495.751927657442
506.1521	-1148.0731	-148.347437376597	472.729946289628
500.04044	-1142.8352	-149.201833100495	474.273250641009
524.0917	-1158.5271	-146.309985405687	466.067003832644
540.82513	-1168.2507	-144.361433948441	460.381752484557
565.2318	-1168.6869	-142.822337270957	444.633457041407
585.18713	-1194.1665	-138.96713941154	448.088636171347
604.2397	-1203.1475	-136.770219670435	442.598969701551
622.98987	-1215.0529	-134.277403283676	440.037607257291
628.46423	-1230.1774	-132.518120985911	447.963223966767
635.1969	-1249.652	-130.369647304861	458.932234826958
640.9012	-1264.1458	-128.783661031407	467.14308623452
443.159	-1132.4502	-152.873966537425	509.815843326688
454.24832	-1156.114	-150.061433545847	513.181342597365
483.26447	-1156.2313	-148.67782640099	492.894918193642
496.44745	-1167.2932	-146.918546148593	489.699765717113
518.1755	-1180.3173	-144.473919184617	482.412828948528
535.16943	-1182.644	-143.268756571068	472.599620219529
560.1277	-1184.5773	-141.551824498381	457.662145959931
572.8593	-1198.4235	-139.389974479254	458.473285973987
593.5799	-1220.7728	-135.913618659801	461.051310559781
607.03064	-1227.7318	-134.334812774708	458.194253564145
613.37683	-1247.7034	-132.178262445656	469.197753445443
655.797	-1254.4501	-128.354138874746	451.994955091656
464.65677	-1185.5281	-146.793320542441	521.359419309138
467.66522	-1170.316	-148.069754802283	511.104072057007
488.05762	-1182.6036	-145.884051792844	503.866976539309
508.72006	-1188.8756	-144.18513377516	493.6625926888
523.9543	-1203.0962	-141.996986200813	492.276694173444
554.3517	-1197.5167	-140.67215873197	469.449304680568
548.30853	-1210.3087	-139.86588890082	481.413050109506
590.5443	-1238.5457	-134.582101453515	475.32173766667
567.93396	-1224.8651	-137.30112335144	479.049429286535
605.63	-1272.882	-130.75482119068	492.246931642531
460.60474	-1219.359	-143.997737129212	543.296450495623
446.87823	-1180.5868	-148.09582999689	530.911514932209
494.9833	-1226.4294	-141.576885403443	525.258835612837
503.46976	-1206.1011	-142.890251911321	507.34119197038
516.60785	-1221.0492	-140.817416083741	508.155102729602
537.6803	-1220.7218	-139.59039162591	494.752005407497
549.77136	-1238.5421	-137.299371696571	499.201135333963
570.8347	-1244.2137	-135.453245690721	490.688651955537
562.8634	-1258.5044	-134.815143443214	505.373902160553
434.01416	-1199.141	-147.031443343148	549.710969497016
477.85205	-1241.0247	-141.286936432716	545.272591206405
501.9061	-1155.0825	-147.851278269111	479.371389165658
487.337	-1211.4712	-143.291466005723	521.077430247392
508.66995	-1233.715	-140.187374457503	521.202491762045
527.3216	-1238.0575	-138.726326759927	512.475130566705
542.8533	-1263.6812	-135.686599298705	520.598667183893
528.04596	-1258.3235	-137.023373197432	525.632277587338
